Distance error (pixel)
data1 34.1022923212 105.3616654063 120.8852570474 24.4202940998 50.2645959321 55.7221494132 53.1443172633 53.2418121045 55.2535088273 41.5001947513 

Mean: 34.10229232118703 105.36166540627639 120.88525704743964 24.420294099771944 50.264595932112805 55.72214941316494 53.144317263330024 53.241812104522516 55.25350882725413 41.50019475133489 
Standard deviation: 0.0 0.0 0.0 0.0 0.0 0.0 0.0 0.0 0.0 0.0 
Mean: 59.3896087166
Standard deviation: 28.7543035632

Distance error (mm)
data1 16.2152103650 43.7250253128 49.9923484700 11.1974045028 24.2981640451 23.8688699652 21.8698341278 21.8076791518 23.3826925694 18.6757093546 

Mean: 16.215210365034014 43.72502531277689 49.99234846995544 11.197404502778692 24.29816404505731 23.86886996520162 21.869834127817203 21.807679151768028 23.382692569387704 18.675709354605303 
Standard deviation: 0.0 0.0 0.0 0.0 0.0 0.0 0.0 0.0 0.0 0.0 
Mean: 25.5032937864
Standard deviation: 11.4226459071