 0.0000000000 0.0000000000 0.0000000000
122.4027481079 89.8761596680 128.8493041992 
35.5633773804 104.5747299194 39.7625503540 
208.8469390869 76.8790893555 212.8742828369 
132.9128265381 171.8699798584 131.1601104736 
112.8652801514 17.5267772675 125.4582748413 
162.9474639893 99.6337738037 158.5532226562 
171.5813446045 123.2925033569 161.2937011719 
 0.0000000000 0.0000000000 0.0000000000
 0.0000000000 0.0000000000 0.0000000000
190.1434936523 99.9051895142 139.3809661865 
184.4612121582 63.6848411560 137.2632446289 
90.7678527832 96.1775665283 97.5818710327 
 0.0000000000 0.0000000000 0.0000000000
 0.0000000000 0.0000000000 0.0000000000
 0.0000000000 0.0000000000 0.0000000000
