116.8364475924 103.6730282286 214.5227682963
157.8876028828 103.1314024375 144.8834845442
75.5393938891 103.1314024375 144.8834845442
245.1571551618 103.1314024375 144.8834845442
155.5411600970 163.7396361018 144.8834845442
155.5411600970 43.3736833771 144.8834845442
185.9905630949 123.0257278915 147.8834845442
185.3370058807 133.8607765717 147.8834845442
0.5 0.3 0.1
0.5 0.3 0.1
185.9344060961 113.2654219093 120.2033876901
195.5498108684 83.4458391532 119.9418159482
125.5168565995 103.4896500034 147.8834845442
95.0674536016 103.4896500034 147.8834845442
110.1536073861 120.4201555305 93.7126426472
110.1325907733 70.1425377589 100.6701023135